#          custom1,          custom2,          custom3,          custom4,          custom5,       sd_delta_T,           sd_T_D,        sd_beta_D,           sd_A_D,    sd_alpha_sync,    sd_omega_sync,        sd_A_sync,           sd_T_e,            sd_EM,     sd_nu_p_spin,        sd_A_spin,          sd_A_CO, sd_y_reio_nuisance,             y_sd,            mu_sd
0.000000e+00	0.000000e+00	0.000000e+00	0.000000e+00	0.000000e+00	0.000000e+00	0.000000e+00	0.000000e+00	0.000000e+00	0.000000e+00	0.000000e+00	0.000000e+00	0.000000e+00	0.000000e+00	0.000000e+00	0.000000e+00	0.000000e+00	0.000000e+00	0.000000e+00	0.000000e+00	
0.000000e+00	 1.262177e-29	0.000000e+00	-6.018531e-36	-7.346840e-40	-7.233811e-39	 9.973850e-30	 4.882111e-31	-2.660861e-25	0.000000e+00	-8.274765e-32	-2.273685e-28	-2.711475e-28	-7.414189e-30	0.000000e+00	 9.603140e-29	-3.199576e-31	-3.419620e-38	-7.523164e-37	0.000000e+00	
0.000000e+00	0.000000e+00	0.000000e+00	0.000000e+00	0.000000e+00	0.000000e+00	0.000000e+00	0.000000e+00	0.000000e+00	0.000000e+00	0.000000e+00	0.000000e+00	0.000000e+00	0.000000e+00	0.000000e+00	0.000000e+00	0.000000e+00	0.000000e+00	0.000000e+00	0.000000e+00	
0.000000e+00	-6.018531e-36	0.000000e+00	 2.869859e-42	 3.503246e-46	 3.449350e-45	-4.755902e-36	-2.327972e-37	 1.268797e-31	0.000000e+00	 3.945715e-38	 1.084177e-34	 1.292932e-34	 3.535361e-36	0.000000e+00	-4.579134e-35	 1.525677e-37	 1.630602e-44	 3.587324e-43	0.000000e+00	
0.000000e+00	-7.346840e-40	0.000000e+00	 3.503246e-46	 4.276424e-50	 4.210632e-49	-5.805545e-40	-2.841763e-41	 1.548825e-35	0.000000e+00	 4.816547e-42	 1.323459e-38	 1.578286e-38	 4.315626e-40	0.000000e+00	-5.589763e-39	 1.862398e-41	 1.990481e-48	 4.379058e-47	0.000000e+00	
0.000000e+00	-7.233811e-39	0.000000e+00	 3.449350e-45	 4.210632e-49	 2.569579e-19	-5.122369e-14	 3.337489e-15	-1.815506e-10	-4.135087e-13	-1.449371e-12	 1.837666e-10	-4.660325e-09	 8.922824e-13	 6.260902e-12	 1.484063e-11	-2.294657e-13	-1.867088e-20	 4.311688e-46	0.000000e+00	
0.000000e+00	 9.973850e-30	0.000000e+00	-4.755902e-36	-5.805545e-40	-5.122369e-14	 1.319368e-08	-8.318626e-10	 4.117549e-05	 1.182065e-07	 3.385609e-07	-5.380498e-05	 1.105884e-03	-2.096635e-07	-1.717218e-06	 3.814593e-05	 5.623587e-08	 7.390543e-15	-5.944878e-37	0.000000e+00	
0.000000e+00	 4.882111e-31	0.000000e+00	-2.327972e-37	-2.841763e-41	 3.337489e-15	-8.318626e-10	 5.321880e-11	-2.632464e-06	-7.356575e-09	-2.238510e-08	 3.203747e-06	-7.080500e-05	 1.361206e-08	 1.066398e-07	-1.765536e-06	-3.531784e-09	-4.412375e-16	-2.909965e-38	0.000000e+00	
0.000000e+00	-2.660861e-25	0.000000e+00	 1.268797e-31	 1.548825e-35	-1.815506e-10	 4.117549e-05	-2.632464e-06	 2.487774e-01	 4.060921e-04	 1.144797e-03	-1.672295e-01	 3.021927e+00	-6.801840e-04	-9.577953e-03	 3.966738e-02	 1.923798e-04	 5.035408e-12	 1.585997e-32	0.000000e+00	
0.000000e+00	0.000000e+00	0.000000e+00	0.000000e+00	0.000000e+00	-4.135087e-13	 1.182065e-07	-7.356575e-09	 4.060921e-04	 1.945154e-06	 3.663496e-06	-4.171876e-04	 8.843593e-03	-2.033437e-06	-2.219341e-05	-4.963005e-04	 3.665832e-07	 5.703559e-14	0.000000e+00	0.000000e+00	
0.000000e+00	-8.274765e-32	0.000000e+00	 3.945715e-38	 4.816547e-42	-1.449371e-12	 3.385609e-07	-2.238510e-08	 1.144797e-03	 3.663496e-06	 1.471371e-05	-1.455933e-03	 2.918991e-02	-5.881754e-06	-5.625868e-05	-2.612191e-04	 1.367932e-06	-7.309867e-14	 4.932144e-39	0.000000e+00	
0.000000e+00	-2.273685e-28	0.000000e+00	 1.084177e-34	 1.323459e-38	 1.837666e-10	-5.380498e-05	 3.203747e-06	-1.672295e-01	-4.171876e-04	-1.455933e-03	 5.287042e-01	-2.584390e+00	 6.787246e-04	 7.721104e-03	-3.315378e-01	-2.274743e-04	-2.565962e-11	 1.355222e-35	0.000000e+00	
0.000000e+00	-2.711475e-28	0.000000e+00	 1.292932e-34	 1.578286e-38	-4.660325e-09	 1.105884e-03	-7.080500e-05	 3.021927e+00	 8.843593e-03	 2.918991e-02	-2.584390e+00	 1.240356e+02	-1.882537e-02	-1.582159e-01	 6.320404e+00	 5.559253e-03	 3.944900e-10	 1.616165e-35	0.000000e+00	
0.000000e+00	-7.414189e-30	0.000000e+00	 3.535361e-36	 4.315626e-40	 8.922824e-13	-2.096635e-07	 1.361206e-08	-6.801840e-04	-2.033437e-06	-5.881754e-06	 6.787246e-04	-1.882537e-02	 3.740568e-06	 3.241428e-05	-4.214841e-04	-8.920480e-07	-8.116771e-14	 4.419201e-37	0.000000e+00	
0.000000e+00	0.000000e+00	0.000000e+00	0.000000e+00	0.000000e+00	 6.260902e-12	-1.717218e-06	 1.066398e-07	-9.577953e-03	-2.219341e-05	-5.625868e-05	 7.721104e-03	-1.582159e-01	 3.241428e-05	 9.848107e-04	-5.157880e-02	-1.304712e-05	 5.088928e-13	0.000000e+00	0.000000e+00	
0.000000e+00	 9.603140e-29	0.000000e+00	-4.579134e-35	-5.589763e-39	 1.484063e-11	 3.814593e-05	-1.765536e-06	 3.966738e-02	-4.963005e-04	-2.612191e-04	-3.315378e-01	 6.320404e+00	-4.214841e-04	-5.157880e-02	 1.299459e+01	 1.075025e-03	-1.280573e-10	-5.723918e-36	0.000000e+00	
0.000000e+00	-3.199576e-31	0.000000e+00	 1.525677e-37	 1.862398e-41	-2.294657e-13	 5.623587e-08	-3.531784e-09	 1.923798e-04	 3.665832e-07	 1.367932e-06	-2.274743e-04	 5.559253e-03	-8.920480e-07	-1.304712e-05	 1.075025e-03	 3.590822e-07	 1.961028e-14	 1.907096e-38	0.000000e+00	
0.000000e+00	-3.419620e-38	0.000000e+00	 1.630602e-44	 1.990481e-48	-1.867088e-20	 7.390543e-15	-4.412375e-16	 5.035408e-12	 5.703559e-14	-7.309867e-14	-2.565962e-11	 3.944900e-10	-8.116771e-14	 5.088928e-13	-1.280573e-10	 1.961028e-14	 4.527398e-20	 2.038252e-45	0.000000e+00	
0.000000e+00	-7.523164e-37	0.000000e+00	 3.587324e-43	 4.379058e-47	 4.311688e-46	-5.944878e-37	-2.909965e-38	 1.585997e-32	0.000000e+00	 4.932144e-39	 1.355222e-35	 1.616165e-35	 4.419201e-37	0.000000e+00	-5.723918e-36	 1.907096e-38	 2.038252e-45	 4.484155e-44	0.000000e+00	
0.000000e+00	0.000000e+00	0.000000e+00	0.000000e+00	0.000000e+00	0.000000e+00	0.000000e+00	0.000000e+00	0.000000e+00	0.000000e+00	0.000000e+00	0.000000e+00	0.000000e+00	0.000000e+00	0.000000e+00	0.000000e+00	0.000000e+00	0.000000e+00	0.000000e+00	0.000000e+00	
